 Header
   0.0000000000000000     
   3653.8873796431308     
   3224.3875444095220     
   3154.3772155252877     
   3177.7275824415074     
   3400.0281259195699     
   3220.5528401588285     
   3204.5914269665095     
   3283.7678241150365     
   3415.9168269339325     
   3565.3093184627064     
   3670.2299937813127     
   3840.7049421017496     
   4001.0884509662333     
   4197.9881021391202     
   4402.9731332552255     
   4610.0556872119951     
   4803.6629800203254     
   4958.1996799165390     
   5155.8999304684348     
   5325.8706149648260     
   5499.8262445161145     
   5684.8190129178538     
   5881.5151534945535     
   6056.6871121431213     
   6232.2574016265280     
   6412.2005865734045     
   6573.5756202603043     
   6740.6917229458577     
   6891.6275176496883     
   7038.5036693389493     
   7204.0578767406032     
   7336.5378255558753     
   7485.3291391145776     
   7605.9255142735483     
   7744.5631513576818     
   7868.6097902463271     
   7995.2555019427928     
   8123.1411825423584     
   8226.0042815649358     
   8341.2734721785291     
   8416.5080818489787     
   8416.5080818489787     
   8416.5080818489787     
   8416.5080818489787     
   8416.5080818489787     
   8416.5080818489787     
   8416.5080818489787     
   8416.5080818489787     
   8416.5080818489787     
   8416.5080818489787     
   8416.5080818489787     
   8416.5080818489787     
   8416.5080818489787     
   8416.5080818489787     
   8416.5080818489787     
   8416.5080818489787     
   8416.5080818489787     
   8416.5080818489787     
   8416.5080818489787     
   8416.5080818489787     
   8416.5080818489787     
   8416.5080818489787     
   8416.5080818489787     
   8416.5080818489787     
   8416.5080818489787     
   8416.5080818489787     
   8416.5080818489787     
   8416.5080818489787     
   8416.5080818489787     
   8416.5080818489787     
   8416.5080818489787     
   8416.5080818489787     
   8416.5080818489787     
   8416.5080818489787     
   8416.5080818489787     
   8416.5080818489787     
   8416.5080818489787     
   8416.5080818489787     
   8416.5080818489787     
   8416.5080818489787     
   8416.5080818489787     
   8416.5080818489787     
   8416.5080818489787     
   8416.5080818489787     
