 Header
   44.795576303060194     
   783.43010667591466     
   966.93089130085650     
   1173.8096151569960     
   1324.0531899241541     
   1760.1778531205816     
   1476.9114009201810     
   1477.9446281212638     
   1694.0461113034100     
   1955.6287836216561     
   2181.6595233089583     
   2171.8306759120819     
   2456.8902461787252     
   2596.8687314809654     
   2995.5615291159902     
   3355.8711260622072     
   3674.1530354234660     
   3817.6040249632038     
   3761.0619004513651     
   3967.1993436716411     
   4175.5179613147620     
   4414.8902100984742     
   4826.8798350623601     
   5253.8325993984627     
   5360.4793618468884     
   5472.6282569624636     
   5736.0762083727232     
   5831.6227682037070     
   6074.0489990461283     
   6204.1468955883820     
   6149.1641501518925     
   6492.0387868383759     
   6440.2299077820926     
   6532.6088674391822     
   6291.1978496467273     
   6414.1623041808934     
   6277.2528770605859     
   6070.6777299530395     
   5844.8349990767201     
   5266.1533615840972     
   4794.3734732004041     
   3413.7340455262070     
   3939.0286816838666     
   4443.9812750978481     
   4678.6110309416172     
   3718.2755055215021     
   3018.4054094654725     
   2731.8667772231229     
   2324.2225774541566     
   2044.1997386841208     
   1778.8524006450773     
   1666.8091505644736     
   1534.7602262341179     
   1542.8426823090269     
   1437.6466789498293     
   1401.6161513210970     
   1347.2971950244835     
   1491.2605649168711     
   1499.5665415622118     
   1701.9861082253856     
   1261.2797299607766     
   925.59233370236598     
   678.21579803246141     
   513.16750218224456     
   404.43608537138243     
   340.89196880430637     
   312.33194929361383     
   304.88750450029181     
   304.16020255915100     
   304.14857672733552     
   304.14839088987560     
   304.14838791933789     
   304.14838787177911     
   304.14838787112041     
   304.14838787091043     
   304.14838787096869     
   304.14838787053918     
   304.14838787054430     
   304.14838787047233     
   304.14838787049530     
   304.14838787042629     
   304.14838787046784     
   304.14838787053225     
   304.14838787048359     
   304.14838787040668     
