 Header
   11286.117360293101     
   11226.713494001708     
   11378.688048047065     
   11647.604874560640     
   12146.776462272986     
   12064.309771325932     
   12383.219290082099     
   12719.110376678038     
   13177.021306523980     
   13547.304508449495     
   13653.385577004430     
   14117.302392341122     
   14429.274937727212     
   14858.323143058824     
   15297.212840707196     
   15697.782978762216     
   16030.102731803592     
   16019.364688602771     
   16631.426297004105     
   16534.958180481630     
   16856.199338865958     
   17160.750105824172     
   17641.273687879242     
   17931.711516416704     
   18197.481770984788     
   18424.955422871913     
   18514.095761460820     
   18718.626346945621     
   18728.918493848239     
   19108.208141578420     
   19346.569024987490     
   19256.245617293174     
   19643.417668369373     
   19493.886415737128     
   19852.510930745229     
   19922.518852237074     
   20241.164252071085     
   20526.004189197392     
   20314.639874836317     
   20717.999803912840     
   20569.028540145147     
   20936.538842259182     
   21030.388373182093     
   20633.308545473763     
   20496.610277042735     
   20405.694158717266     
   20339.448357770321     
   20319.607326553010     
   20090.379826951925     
   20001.873357523404     
   20149.514865972200     
   19985.110460770982     
   20119.235666177592     
   20063.160253656992     
   20107.365909551751     
   19927.470204737383     
   20133.104636911110     
   19937.973477284846     
   19779.493181317874     
   19204.354668178370     
   19092.753580507404     
   18999.592199717965     
   18914.027718874113     
   18855.578851316524     
   18809.145588030100     
   18773.601490603425     
   18752.339946383527     
   18745.608542709277     
   18744.892638642457     
   18744.881195004215     
   18744.881012079084     
   18744.881009155150     
   18744.881009108231     
   18744.881009107790     
   18744.881009107525     
   18744.881009108012     
   18744.881009107565     
   18744.881009107645     
   18744.881009107521     
   18744.881009107612     
   18744.881009107507     
   18744.881009107481     
   18744.881009107612     
   18744.881009107623     
   18744.881009107543     
