 Header
  0.30399999999999999     
  0.20000000000000001     
  0.22400000000000000     
  0.21600000000000000     
  0.32800000000000001     
  0.17599999999999999     
  0.20000000000000001     
  0.25600000000000001     
  0.25600000000000001     
  0.29599999999999999     
  0.25600000000000001     
  0.29599999999999999     
  0.35199999999999998     
  0.35999999999999999     
  0.39200000000000002     
  0.41599999999999998     
  0.40799999999999997     
  0.37600000000000000     
  0.46400000000000002     
  0.44800000000000001     
  0.45600000000000002     
  0.48799999999999999     
  0.54400000000000004     
  0.52000000000000002     
  0.52000000000000002     
  0.56799999999999995     
  0.49600000000000000     
  0.50400000000000000     
  0.47999999999999998     
  0.50400000000000000     
  0.52800000000000002     
  0.48799999999999999     
  0.61599999999999999     
  0.47999999999999998     
  0.58399999999999996     
  0.48799999999999999     
  0.54400000000000004     
  0.54400000000000004     
  0.44800000000000001     
  0.51200000000000001     
  0.26400000000000001     
   8.7999999999999995E-002
  0.10400000000000000     
   7.1999999999999995E-002
   0.0000000000000000     
   0.0000000000000000     
   1.6000000000000000E-002
   1.6000000000000000E-002
   0.0000000000000000     
   3.2000000000000001E-002
   2.4000000000000000E-002
   2.4000000000000000E-002
   3.2000000000000001E-002
   4.0000000000000001E-002
   2.4000000000000000E-002
   2.4000000000000000E-002
   2.4000000000000000E-002
   2.4000000000000000E-002
   4.8000000000000001E-002
   0.0000000000000000     
   0.0000000000000000     
   0.0000000000000000     
   0.0000000000000000     
   0.0000000000000000     
   0.0000000000000000     
   0.0000000000000000     
   0.0000000000000000     
   0.0000000000000000     
   0.0000000000000000     
   0.0000000000000000     
   0.0000000000000000     
   0.0000000000000000     
   0.0000000000000000     
   0.0000000000000000     
   0.0000000000000000     
   0.0000000000000000     
   0.0000000000000000     
   0.0000000000000000     
   0.0000000000000000     
   0.0000000000000000     
   0.0000000000000000     
   0.0000000000000000     
   0.0000000000000000     
   0.0000000000000000     
   0.0000000000000000     
