 Header
  0.28799999999999998     
  0.23200000000000001     
  0.23999999999999999     
  0.26400000000000001     
  0.32800000000000001     
  0.14399999999999999     
  0.21600000000000000     
  0.25600000000000001     
  0.32800000000000001     
  0.34399999999999997     
  0.35199999999999998     
  0.44000000000000000     
  0.40799999999999997     
  0.47999999999999998     
  0.51200000000000001     
  0.53600000000000003     
  0.56000000000000005     
  0.53600000000000003     
  0.58399999999999996     
  0.56799999999999995     
  0.59999999999999998     
  0.63200000000000001     
  0.65600000000000003     
  0.63200000000000001     
  0.68000000000000005     
  0.68000000000000005     
  0.71999999999999997     
  0.78400000000000003     
  0.79200000000000004     
  0.76000000000000001     
  0.86399999999999999     
  0.77600000000000002     
  0.79200000000000004     
  0.83199999999999996     
  0.80800000000000005     
  0.87200000000000000     
  0.86399999999999999     
  0.88000000000000000     
  0.88800000000000001     
  0.92000000000000004     
  0.96799999999999997     
  0.53600000000000003     
  0.52800000000000002     
  0.46400000000000002     
   6.4000000000000001E-002
   8.7999999999999995E-002
  0.11200000000000000     
   9.6000000000000002E-002
  0.10400000000000000     
   7.1999999999999995E-002
   9.6000000000000002E-002
   8.0000000000000002E-002
  0.10400000000000000     
   8.0000000000000002E-002
  0.10400000000000000     
   8.0000000000000002E-002
  0.12000000000000000     
   8.7999999999999995E-002
   8.0000000000000002E-002
   0.0000000000000000     
   0.0000000000000000     
   0.0000000000000000     
   0.0000000000000000     
   0.0000000000000000     
   0.0000000000000000     
   0.0000000000000000     
   0.0000000000000000     
   0.0000000000000000     
   0.0000000000000000     
   0.0000000000000000     
   0.0000000000000000     
   0.0000000000000000     
   0.0000000000000000     
   0.0000000000000000     
   0.0000000000000000     
   0.0000000000000000     
   0.0000000000000000     
   0.0000000000000000     
   0.0000000000000000     
   0.0000000000000000     
   0.0000000000000000     
   0.0000000000000000     
   0.0000000000000000     
   0.0000000000000000     
   0.0000000000000000     
