 Header
 -0.95235835364374066     
 -0.94371043961564849     
 -0.93498919311985085     
 -0.92571049377964076     
 -0.91642195523009862     
 -0.90687615030088908     
 -0.89819610246226922     
 -0.88890241881228782     
 -0.87866079300642042     
 -0.86890983369613239     
 -0.85929770344073186     
 -0.84949586183212367     
 -0.83929416692983028     
 -0.82871745484415216     
 -0.81779625675872947     
 -0.80709363448468385     
 -0.79583048568083270     
 -0.78518028412700236     
 -0.77322275207846614     
 -0.76247911576603278     
 -0.75086565860182608     
 -0.73912567971570620     
 -0.72591671964361104     
 -0.71265219300020188     
 -0.69982712807167347     
 -0.68687997258278866     
 -0.67373630466459300     
 -0.66028231138181104     
 -0.64665492229475774     
 -0.63144432841440390     
 -0.61728062919065962     
 -0.60199032125969443     
 -0.58696804273102254     
 -0.57118815275762491     
 -0.55488075529073388     
 -0.53830005167646411     
 -0.52102612942698079     
 -0.50343144983826571     
 -0.48574083127963991     
 -0.46755384930364630     
 -0.44890806309410469     
 -0.43491405423710738     
 -0.42351904706629911     
 -0.41222233696699268     
 -0.40077909883988777     
 -0.39112393173469440     
 -0.38137507446652946     
 -0.37134845545318673     
 -0.36147097918918913     
 -0.35160083489189914     
 -0.34152785009673031     
 -0.33145644830971832     
 -0.32132661600614865     
 -0.31122878362904283     
 -0.30115507398036828     
 -0.29109696210173319     
 -0.28104169970028514     
 -0.27107575677006507     
 -0.26122225505274038     
 -0.25135253336635582     
 -0.24178558121317523     
 -0.23236028798700878     
 -0.22310771909203747     
 -0.21406221452456450     
 -0.20526931496327461     
 -0.19675059363004152     
 -0.18850561084555253     
 -0.18050101734538446     
 -0.17268152509814497     
 -0.16499388285309699     
 -0.15741093859274105     
 -0.14994108261049183     
 -0.14263790649730046     
 -0.13554940270527435     
 -0.12863578482650995     
 -0.12179791338218927     
 -0.11495214511642744     
 -0.10804481119576716     
 -0.10103098334983836     
  -9.3833485399732686E-002
  -8.6303849984162170E-002
  -7.8614300538236578E-002
  -6.4933881890566522E-002
  -4.7458811229953331E-002
  -2.5942661954708759E-002
