 Header
   9139.8869091425149     
   9305.4961599520411     
   9576.4238680514500     
   9862.5690019692647     
   10061.726111928790     
   10281.028833835213     
   10596.192757182227     
   10890.735609890606     
   11302.747123404655     
   11560.641100907234     
   11738.487055317015     
   12014.749045525054     
   12267.333124927993     
   12606.570244126608     
   12844.070700348662     
   13077.137336248947     
   13329.506799166926     
   13446.078581666030     
   13758.944998821347     
   13819.555667796876     
   14012.882823348873     
   14171.384302448008     
   14491.964371293436     
   14741.557676660947     
   14943.602364452383     
   15009.085452448855     
   15146.274710553076     
   15246.502869115553     
   15237.763408005761     
   15499.652833758955     
   15573.294723240551     
   15623.061881844747     
   15594.530102050001     
   15580.058385473798     
   15844.268658520832     
   15887.424969623971     
   16007.167822992544     
   16168.053399534410     
   16061.682684065152     
   16124.771099446609     
   16068.253518832571     
   16128.508359275669     
   16257.217845690368     
   16127.499211742366     
   16119.327968941512     
   16122.637474527399     
   16214.825593873296     
   16342.793225042740     
   16237.990016120679     
   16113.925848495624     
   16098.196254326942     
   16026.157704333462     
   15929.795960540356     
   15735.936164574983     
   15771.937144695074     
   15706.017829275754     
   15660.439078823989     
   15375.829281172752     
   15232.056727483065     
   15174.648746086668     
   14957.689238290766     
   16616.781952032557     
   16170.705813742885     
   15939.392051353680     
   15851.037788557689     
   15622.433990554598     
   15563.529766256113     
   15355.242969325858     
   14929.515385589440     
   14809.043689626507     
   14531.050359303621     
   14379.337195522954     
   14057.643766266707     
   13844.426289157582     
   13749.187412312192     
   13648.211658066732     
   13351.063925005428     
   12954.464463702174     
   12727.270305829676     
   12502.527419364353     
   12223.802223002211     
   11861.713579801421     
   11475.482456826383     
   11090.916278330176     
   10856.889715003836     
