 Header
   12009.390516361878     
   11391.254849800911     
   11562.550897600566     
   11771.886622643300     
   12548.387834988069     
   11752.084272683256     
   12355.273211484462     
   12901.995270170348     
   13400.258317258555     
   13730.557611362270     
   13600.971815326780     
   14354.187645110902     
   14518.334429410355     
   15198.279441410066     
   15591.721044466671     
   15944.022673321333     
   16098.698742102031     
   15889.076253933421     
   16759.775519504070     
   16661.403898716613     
   17009.005114838830     
   17478.095030213768     
   17965.210128994389     
   17933.250842700829     
   18202.324232040784     
   18575.931294229697     
   18495.296779322933     
   18841.953580416630     
   18737.366453927094     
   18932.653552702668     
   19562.148786290149     
   19078.157723204458     
   19607.706260883584     
   19129.118580066526     
   19849.707499718115     
   19662.526038067645     
   19915.556210906227     
   20185.556853007409     
   19632.700330555770     
   20152.212594585246     
   19121.453152260761     
   21384.597623605732     
   21448.204080758518     
   20776.200832132872     
   19463.367390366904     
   19646.639644164738     
   19999.343711462123     
   19866.390136067941     
   19770.274641242897     
   19701.646561412526     
   20004.789084243774     
   19822.968199330797     
   20097.066305615233     
   19929.775100347866     
   20043.852712891516     
   19846.733656960365     
   20247.827604210583     
   19916.876189053703     
   19948.540472080473     
   18738.917315358449     
   18738.917315358449     
   18738.917315358449     
   18738.917315358449     
   18738.917315358449     
   18738.917315358449     
   18738.917315358449     
   18738.917315358449     
   18738.917315358449     
   18738.917315358449     
   18738.917315358449     
   18738.917315358449     
   18738.917315358449     
   18738.917315358449     
   18738.917315358449     
   18738.917315358449     
   18738.917315358449     
   18738.917315358449     
   18738.917315358449     
   18738.917315358449     
   18738.917315358449     
   18738.917315358449     
   18738.917315358449     
   18738.917315358449     
   18738.917315358449     
   18738.917315358449     
